495623 495624
495623 495625
495624 495625
9928 495623
9928 495624
317470 495623
317470 495624
495618 495623
495618 495624
9928 495625
317470 495625
495618 495625
9928 317470
9928 495618
317470 495618
495625 2958044
9928 2958044
495625 2606623
9928 2606623
495625 3146902
9928 3146902
214453 495625
9928 214453
495625 2759896
9928 2759896
495625 1842131
9928 1842131
495625 1025197
9928 1025197
495625 566761
9928 566761
495625 1022134
9928 1022134
317470 2606623
317470 3146902
317470 2759896
317470 1842131
317470 1025197
317470 566761
317470 1022134
317470 401460
9928 401460
317470 873873
9928 873873
317470 1108088
9928 1108088
317470 1866710
9928 1866710
317470 726731
9928 726731
317470 2142073
9928 2142073
317470 2142072
9928 2142072
317470 2142075
9928 2142075
317470 2142074
9928 2142074
317470 1866712
9928 1866712
317470 2142071
9928 2142071
214453 2958044
1022134 2958044
1022134 2606623
566761 2606623
2759896 3146902
1022134 3146902
214453 1022134
1025197 2759896
1842131 2759896
1022134 2759896
1025197 1842131
1022134 1842131
1022134 1025197
566761 1022134
545381 1022134
9928 545381
117194 1022134
9928 117194
1022134 1108503
9928 1108503
1022134 1066192
9928 1066192
401460 873873
401460 726731
354617 401460
9928 354617
401460 401462
9928 401462
401460 401461
9928 401461
401460 2068750
9928 2068750
9884 401460
9884 9928
401460 1068244
9928 1068244
401460 1067166
9928 1067166
355933 401460
9928 355933
117194 401460
401460 1842202
9928 1842202
219660 401460
9928 219660
401460 718623
9928 718623
401460 1022035
9928 1022035
873873 1108088
726731 873873
726731 1108088
1866710 2142071
1866710 1866712
1866710 2142075
1866710 2142072
1866710 2142073
1866710 2142074
2142073 2142074
2142073 2142075
1866712 2142073
2142071 2142073
2142072 2142073
1866712 2142072
2142071 2142072
1866712 2142075
2142074 2142075
1866712 2142074
1866712 2142071
117194 545381
545381 1108503
545381 1066192
545381 2068750
545381 1066193
9928 1066193
545381 1068115
9928 1068115
213434 545381
9928 213434
117194 1108503
117194 1066192
117194 2811112
9928 2811112
117194 2617379
9928 2617379
117194 498011
9928 498011
117194 219660
117194 718623
117194 355297
9928 355297
117194 213434
117194 3158208
9928 3158208
117194 2068750
117194 1761988
9928 1761988
117194 959734
9928 959734
117194 401461
117194 1761990
9928 1761990
117194 1066193
117194 1068115
117194 1067166
117194 401462
1066192 1108503
1066192 1066193
213434 1066192
1066192 1068115
9884 354617
354617 1068244
354617 355933
354617 1842202
354617 1022035
401461 401462
401462 1067166
219660 401462
401461 2068750
219660 401461
219660 2068750
2068750 3158208
1761990 2068750
959734 2068750
498011 2068750
2068750 2811112
2068750 2617379
9884 1068244
9884 355933
9884 1842202
9884 1022035
355933 1068244
1068244 1842202
1022035 1068244
718623 1067166
219660 1067166
1067166 1761057
9928 1761057
355933 1842202
355933 1022035
355933 652802
9928 652802
355933 572316
9928 572316
355933 3170407
9928 3170407
355933 1022579
9928 1022579
355933 1022577
9928 1022577
355933 1022578
9928 1022578
1022035 1842202
219660 718623
219660 1761057
718623 1761057
210441 545381
210441 2068750
545381 2977099
2068750 2977099
545381 2811385
2068750 2811385
545381 2595646
2068750 2595646
238930 545381
238930 2068750
95098 545381
95098 2068750
268145 545381
268145 2068750
213434 1066193
498011 2811112
2811112 3158208
2617379 2811112
1761990 2811112
959734 2811112
959734 2617379
2617379 3158208
1761990 2617379
498011 2617379
498011 1761988
498011 1761990
355297 498011
498011 959734
498011 3158208
355297 1761988
355297 1761990
355297 643921
9928 643921
355296 355297
9928 355296
355297 1023195
9928 1023195
1761990 3158208
959734 3158208
959734 1761990
572316 652802
652802 3170407
572316 3170407
1022577 1022579
1022578 1022579
1022577 1022578
210441 2595646
210441 268145
210441 2811385
95098 210441
210441 238930
210441 2977099
210441 214304
214304 2068750
210441 2976820
2068750 2976820
210441 2112371
2068750 2112371
2595646 2977099
2811385 2977099
268145 2977099
238930 2977099
95098 2977099
2112371 2977099
2976820 2977099
23915 2977099
23915 2068750
2595646 2811385
268145 2811385
95098 2811385
238930 2811385
2112371 2811385
23915 2811385
2811385 2976820
1121626 2811385
1121626 2068750
2248113 2811385
2068750 2248113
214304 2811385
268145 2595646
95098 2595646
238930 2595646
2248113 2595646
2595646 2976820
23915 2595646
1121626 2595646
214304 2595646
2068749 2595646
2068749 2068750
208838 2595646
208838 2068750
2112371 2595646
238930 268145
95098 238930
23915 238930
238930 2248113
238930 2112371
238930 2976820
238930 1121626
95098 268145
95098 1121626
95098 2248113
95098 2112371
95098 2976820
268145 1121626
268145 2112371
268145 2976820
355296 643921
643921 1023195
355296 1023195
214304 2112371
208838 2112371
23915 2112371
2068749 2112371
1121626 2112371
1121626 2068749
208838 1121626
208838 2068749
-1
495623 495624
495623 495625
495624 495625
9928 495623
9928 495624
317470 495623
317470 495624
495618 495623
495618 495624
9928 495625
317470 495625
495618 495625
9928 317470
9928 495618
317470 495618
495625 2958044
9928 2958044
495625 2606623
9928 2606623
495625 3146902
9928 3146902
214453 495625
9928 214453
495625 2759896
9928 2759896
495625 1842131
9928 1842131
495625 1025197
9928 1025197
495625 566761
9928 566761
495625 1022134
9928 1022134
317470 2606623
317470 3146902
317470 2759896
317470 1842131
317470 1025197
317470 566761
317470 1022134
317470 401460
9928 401460
317470 873873
9928 873873
317470 1108088
9928 1108088
317470 1866710
9928 1866710
317470 726731
9928 726731
317470 2142073
9928 2142073
317470 2142072
9928 2142072
317470 2142075
9928 2142075
317470 2142074
9928 2142074
317470 1866712
9928 1866712
317470 2142071
9928 2142071
214453 2958044
1022134 2958044
1022134 2606623
566761 2606623
2759896 3146902
1022134 3146902
214453 1022134
1025197 2759896
1842131 2759896
1022134 2759896
1025197 1842131
1022134 1842131
1022134 1025197
566761 1022134
545381 1022134
9928 545381
117194 1022134
9928 117194
1022134 1108503
9928 1108503
1022134 1066192
9928 1066192
401460 873873
401460 726731
354617 401460
9928 354617
401460 401462
9928 401462
401460 401461
9928 401461
401460 2068750
9928 2068750
9884 401460
9884 9928
401460 1068244
9928 1068244
401460 1067166
9928 1067166
355933 401460
9928 355933
117194 401460
401460 1842202
9928 1842202
219660 401460
9928 219660
401460 718623
9928 718623
401460 1022035
9928 1022035
873873 1108088
726731 873873
726731 1108088
1866710 2142071
1866710 1866712
1866710 2142075
1866710 2142072
1866710 2142073
1866710 2142074
2142073 2142074
2142073 2142075
1866712 2142073
2142071 2142073
2142072 2142073
1866712 2142072
2142071 2142072
1866712 2142075
2142074 2142075
1866712 2142074
1866712 2142071
117194 545381
545381 1108503
545381 1066192
545381 2068750
545381 1066193
9928 1066193
545381 1068115
9928 1068115
213434 545381
9928 213434
117194 1108503
117194 1066192
117194 2811112
9928 2811112
117194 2617379
9928 2617379
117194 498011
9928 498011
117194 219660
117194 718623
117194 355297
9928 355297
117194 213434
117194 3158208
9928 3158208
117194 2068750
117194 1761988
9928 1761988
117194 959734
9928 959734
117194 401461
117194 1761990
9928 1761990
117194 1066193
117194 1068115
117194 1067166
117194 401462
1066192 1108503
1066192 1066193
213434 1066192
1066192 1068115
9884 354617
354617 1068244
354617 355933
354617 1842202
354617 1022035
401461 401462
401462 1067166
219660 401462
401461 2068750
219660 401461
219660 2068750
2068750 3158208
1761990 2068750
959734 2068750
498011 2068750
2068750 2811112
2068750 2617379
9884 1068244
9884 355933
9884 1842202
9884 1022035
355933 1068244
1068244 1842202
1022035 1068244
718623 1067166
219660 1067166
1067166 1761057
9928 1761057
355933 1842202
355933 1022035
355933 652802
9928 652802
355933 572316
9928 572316
355933 3170407
9928 3170407
355933 1022579
9928 1022579
355933 1022577
9928 1022577
355933 1022578
9928 1022578
1022035 1842202
219660 718623
219660 1761057
718623 1761057
210441 545381
210441 2068750
545381 2977099
2068750 2977099
545381 2811385
2068750 2811385
545381 2595646
2068750 2595646
238930 545381
238930 2068750
95098 545381
95098 2068750
268145 545381
268145 2068750
213434 1066193
498011 2811112
2811112 3158208
2617379 2811112
1761990 2811112
959734 2811112
959734 2617379
2617379 3158208
1761990 2617379
498011 2617379
498011 1761988
498011 1761990
355297 498011
498011 959734
498011 3158208
355297 1761988
355297 1761990
355297 643921
9928 643921
355296 355297
9928 355296
355297 1023195
9928 1023195
1761990 3158208
959734 3158208
959734 1761990
572316 652802
652802 3170407
572316 3170407
1022577 1022579
1022578 1022579
1022577 1022578
210441 2595646
210441 268145
210441 2811385
95098 210441
210441 238930
210441 2977099
210441 214304
214304 2068750
210441 2976820
2068750 2976820
210441 2112371
2068750 2112371
2595646 2977099
2811385 2977099
268145 2977099
238930 2977099
95098 2977099
2112371 2977099
2976820 2977099
23915 2977099
23915 2068750
2595646 2811385
268145 2811385
95098 2811385
238930 2811385
2112371 2811385
23915 2811385
2811385 2976820
1121626 2811385
1121626 2068750
2248113 2811385
2068750 2248113
214304 2811385
268145 2595646
95098 2595646
238930 2595646
2248113 2595646
2595646 2976820
23915 2595646
1121626 2595646
214304 2595646
2068749 2595646
2068749 2068750
208838 2595646
208838 2068750
2112371 2595646
238930 268145
95098 238930
23915 238930
238930 2248113
238930 2112371
238930 2976820
238930 1121626
95098 268145
95098 1121626
95098 2248113
95098 2112371
95098 2976820
268145 1121626
268145 2112371
268145 2976820
355296 643921
643921 1023195
355296 1023195
214304 2112371
208838 2112371
23915 2112371
2068749 2112371
1121626 2112371
1121626 2068749
208838 1121626
208838 2068749
-1
495623 495624
495623 495625
495624 495625
9928 495623
9928 495624
317470 495623
317470 495624
495618 495623
495618 495624
9928 495625
317470 495625
495618 495625
9928 317470
9928 495618
317470 495618
495625 2606623
9928 2606623
495625 3146902
9928 3146902
495625 2759896
9928 2759896
495625 1842131
9928 1842131
495625 1025197
9928 1025197
495625 566761
9928 566761
495625 1022134
9928 1022134
317470 2606623
317470 3146902
317470 2759896
317470 1842131
317470 1025197
317470 566761
317470 1022134
317470 1866710
9928 1866710
317470 2142073
9928 2142073
317470 2142072
9928 2142072
317470 2142075
9928 2142075
317470 2142074
9928 2142074
317470 1866712
9928 1866712
317470 2142071
9928 2142071
1022134 2606623
566761 2606623
2759896 3146902
1022134 3146902
1025197 2759896
1842131 2759896
1022134 2759896
1025197 1842131
1022134 1842131
1022134 1025197
566761 1022134
545381 1022134
9928 545381
117194 1022134
9928 117194
1022134 1108503
9928 1108503
1022134 1066192
9928 1066192
1866710 2142071
1866710 1866712
1866710 2142075
1866710 2142072
1866710 2142073
1866710 2142074
2142073 2142074
2142073 2142075
1866712 2142073
2142071 2142073
2142072 2142073
1866712 2142072
2142071 2142072
1866712 2142075
2142074 2142075
1866712 2142074
1866712 2142071
117194 545381
545381 1108503
545381 1066192
545381 2068750
9928 2068750
545381 1066193
9928 1066193
213434 545381
9928 213434
117194 1108503
117194 1066192
117194 2811112
9928 2811112
117194 2617379
9928 2617379
117194 498011
9928 498011
117194 219660
9928 219660
117194 718623
9928 718623
117194 213434
117194 3158208
9928 3158208
117194 401460
9928 401460
117194 2068750
117194 959734
9928 959734
117194 401461
9928 401461
117194 1761990
9928 1761990
117194 1066193
117194 1067166
9928 1067166
117194 401462
9928 401462
1066192 1108503
1066192 1066193
213434 1066192
210441 545381
210441 2068750
545381 2977099
2068750 2977099
545381 2811385
2068750 2811385
545381 2595646
2068750 2595646
238930 545381
238930 2068750
95098 545381
95098 2068750
268145 545381
268145 2068750
401461 2068750
401460 2068750
2068750 3158208
219660 2068750
1761990 2068750
959734 2068750
498011 2068750
2068750 2811112
2068750 2617379
213434 1066193
498011 2811112
2811112 3158208
2617379 2811112
1761990 2811112
959734 2811112
959734 2617379
2617379 3158208
1761990 2617379
498011 2617379
498011 1761990
498011 959734
498011 3158208
219660 718623
219660 1067166
219660 401460
219660 401461
219660 401462
718623 1067166
401460 718623
1761990 3158208
959734 3158208
401460 401462
401460 401461
401460 1067166
354617 401460
9928 354617
9884 401460
9884 9928
401460 1068244
9928 1068244
355933 401460
9928 355933
401460 1842202
9928 1842202
401460 1022035
9928 1022035
959734 1761990
401461 401462
401462 1067166
210441 2595646
210441 268145
210441 2811385
95098 210441
210441 238930
210441 2977099
210441 214304
214304 2068750
210441 2976820
2068750 2976820
210441 2112371
2068750 2112371
2595646 2977099
2811385 2977099
268145 2977099
238930 2977099
95098 2977099
2112371 2977099
2976820 2977099
23915 2977099
23915 2068750
2595646 2811385
268145 2811385
95098 2811385
238930 2811385
2112371 2811385
23915 2811385
2811385 2976820
1121626 2811385
1121626 2068750
2248113 2811385
2068750 2248113
214304 2811385
268145 2595646
95098 2595646
238930 2595646
2248113 2595646
2595646 2976820
23915 2595646
1121626 2595646
214304 2595646
2068749 2595646
2068749 2068750
208838 2595646
208838 2068750
2112371 2595646
238930 268145
95098 238930
23915 238930
238930 2248113
238930 2112371
238930 2976820
238930 1121626
95098 268145
95098 1121626
95098 2248113
95098 2112371
95098 2976820
268145 1121626
268145 2112371
268145 2976820
9884 354617
354617 1068244
354617 355933
354617 1842202
354617 1022035
9884 1068244
9884 355933
9884 1842202
9884 1022035
355933 1068244
1068244 1842202
1022035 1068244
355933 1842202
355933 1022035
1022035 1842202
214304 2112371
208838 2112371
23915 2112371
2068749 2112371
1121626 2112371
1121626 2068749
208838 1121626
208838 2068749
-1
495623 495624
495623 495625
495624 495625
9928 495623
9928 495624
317470 495623
317470 495624
495618 495623
495618 495624
9928 495625
317470 495625
495618 495625
9928 317470
9928 495618
317470 495618
495625 2958044
9928 2958044
495625 2606623
9928 2606623
495625 3146902
9928 3146902
214453 495625
9928 214453
495625 2759896
9928 2759896
495625 1842131
9928 1842131
495625 1025197
9928 1025197
495625 566761
9928 566761
495625 1022134
9928 1022134
317470 2606623
317470 3146902
317470 2759896
317470 1842131
317470 1025197
317470 566761
317470 1022134
317470 401460
9928 401460
317470 873873
9928 873873
317470 1108088
9928 1108088
317470 1866710
9928 1866710
317470 726731
9928 726731
317470 2142073
9928 2142073
317470 2142072
9928 2142072
317470 2142075
9928 2142075
317470 2142074
9928 2142074
317470 1866712
9928 1866712
317470 2142071
9928 2142071
214453 2958044
1022134 2958044
1022134 2606623
566761 2606623
2759896 3146902
1022134 3146902
214453 1022134
1025197 2759896
1842131 2759896
1022134 2759896
1025197 1842131
1022134 1842131
1022134 1025197
566761 1022134
545381 1022134
9928 545381
117194 1022134
9928 117194
1022134 1108503
9928 1108503
1022134 1066192
9928 1066192
401460 873873
401460 726731
354617 401460
9928 354617
401460 401462
9928 401462
401460 401461
9928 401461
401460 2068750
9928 2068750
9884 401460
9884 9928
401460 1068244
9928 1068244
401460 1067166
9928 1067166
355933 401460
9928 355933
117194 401460
401460 1842202
9928 1842202
219660 401460
9928 219660
401460 718623
9928 718623
401460 1022035
9928 1022035
873873 1108088
726731 873873
726731 1108088
1866710 2142071
1866710 1866712
1866710 2142075
1866710 2142072
1866710 2142073
1866710 2142074
2142073 2142074
2142073 2142075
1866712 2142073
2142071 2142073
2142072 2142073
1866712 2142072
2142071 2142072
1866712 2142075
2142074 2142075
1866712 2142074
1866712 2142071
117194 545381
545381 1108503
545381 1066192
545381 2068750
545381 1066193
9928 1066193
545381 1068115
9928 1068115
213434 545381
9928 213434
117194 1108503
117194 1066192
117194 2811112
9928 2811112
117194 2617379
9928 2617379
117194 498011
9928 498011
117194 219660
117194 718623
117194 355297
9928 355297
117194 213434
117194 3158208
9928 3158208
117194 2068750
117194 1761988
9928 1761988
117194 959734
9928 959734
117194 401461
117194 1761990
9928 1761990
117194 1066193
117194 1068115
117194 1067166
117194 401462
1066192 1108503
1066192 1066193
213434 1066192
1066192 1068115
9884 354617
354617 1068244
354617 355933
354617 1842202
354617 1022035
401461 401462
401462 1067166
219660 401462
401461 2068750
219660 401461
219660 2068750
2068750 3158208
1761990 2068750
959734 2068750
498011 2068750
2068750 2811112
2068750 2617379
9884 1068244
9884 355933
9884 1842202
9884 1022035
355933 1068244
1068244 1842202
1022035 1068244
718623 1067166
219660 1067166
1067166 1761057
9928 1761057
355933 1842202
355933 1022035
355933 652802
9928 652802
355933 572316
9928 572316
355933 3170407
9928 3170407
355933 1022579
9928 1022579
355933 1022577
9928 1022577
355933 1022578
9928 1022578
1022035 1842202
219660 718623
219660 1761057
718623 1761057
210441 545381
210441 2068750
545381 2977099
2068750 2977099
545381 2811385
2068750 2811385
545381 2595646
2068750 2595646
238930 545381
238930 2068750
95098 545381
95098 2068750
268145 545381
268145 2068750
213434 1066193
498011 2811112
2811112 3158208
2617379 2811112
1761990 2811112
959734 2811112
959734 2617379
2617379 3158208
1761990 2617379
498011 2617379
498011 1761988
498011 1761990
355297 498011
498011 959734
498011 3158208
355297 1761988
355297 1761990
355297 643921
9928 643921
355296 355297
9928 355296
355297 1023195
9928 1023195
1761990 3158208
959734 3158208
959734 1761990
572316 652802
652802 3170407
572316 3170407
1022577 1022579
1022578 1022579
1022577 1022578
210441 2595646
210441 268145
210441 2811385
95098 210441
210441 238930
210441 2977099
210441 214304
214304 2068750
210441 2976820
2068750 2976820
210441 2112371
2068750 2112371
2595646 2977099
2811385 2977099
268145 2977099
238930 2977099
95098 2977099
2112371 2977099
2976820 2977099
23915 2977099
23915 2068750
2595646 2811385
268145 2811385
95098 2811385
238930 2811385
2112371 2811385
23915 2811385
2811385 2976820
1121626 2811385
1121626 2068750
2248113 2811385
2068750 2248113
214304 2811385
268145 2595646
95098 2595646
238930 2595646
2248113 2595646
2595646 2976820
23915 2595646
1121626 2595646
214304 2595646
2068749 2595646
2068749 2068750
208838 2595646
208838 2068750
2112371 2595646
238930 268145
95098 238930
23915 238930
238930 2248113
238930 2112371
238930 2976820
238930 1121626
95098 268145
95098 1121626
95098 2248113
95098 2112371
95098 2976820
268145 1121626
268145 2112371
268145 2976820
355296 643921
643921 1023195
355296 1023195
214304 2112371
208838 2112371
23915 2112371
2068749 2112371
1121626 2112371
1121626 2068749
208838 1121626
208838 2068749
-1
495623 495624
495623 495625
495624 495625
9928 495623
9928 495624
317470 495623
317470 495624
495618 495623
495618 495624
9928 495625
317470 495625
495618 495625
9928 317470
9928 495618
317470 495618
495625 2958044
9928 2958044
495625 2606623
9928 2606623
495625 3146902
9928 3146902
214453 495625
9928 214453
495625 2759896
9928 2759896
495625 1842131
9928 1842131
495625 1025197
9928 1025197
495625 566761
9928 566761
495625 1022134
9928 1022134
317470 2606623
317470 3146902
317470 2759896
317470 1842131
317470 1025197
317470 566761
317470 1022134
317470 401460
9928 401460
317470 873873
9928 873873
317470 1108088
9928 1108088
317470 1866710
9928 1866710
317470 726731
9928 726731
317470 2142073
9928 2142073
317470 2142072
9928 2142072
317470 2142075
9928 2142075
317470 2142074
9928 2142074
317470 1866712
9928 1866712
317470 2142071
9928 2142071
214453 2958044
1022134 2958044
1022134 2606623
566761 2606623
2759896 3146902
1022134 3146902
214453 1022134
1025197 2759896
1842131 2759896
1022134 2759896
1025197 1842131
1022134 1842131
1022134 1025197
566761 1022134
545381 1022134
9928 545381
117194 1022134
9928 117194
1022134 1108503
9928 1108503
1022134 1066192
9928 1066192
401460 873873
401460 726731
354617 401460
9928 354617
401460 401462
9928 401462
401460 401461
9928 401461
401460 2068750
9928 2068750
9884 401460
9884 9928
401460 1068244
9928 1068244
401460 1067166
9928 1067166
355933 401460
9928 355933
117194 401460
401460 1842202
9928 1842202
219660 401460
9928 219660
401460 718623
9928 718623
401460 1022035
9928 1022035
873873 1108088
726731 873873
726731 1108088
1866710 2142071
1866710 1866712
1866710 2142075
1866710 2142072
1866710 2142073
1866710 2142074
2142073 2142074
2142073 2142075
1866712 2142073
2142071 2142073
2142072 2142073
1866712 2142072
2142071 2142072
1866712 2142075
2142074 2142075
1866712 2142074
1866712 2142071
117194 545381
545381 1108503
545381 1066192
545381 2068750
545381 1066193
9928 1066193
545381 1068115
9928 1068115
213434 545381
9928 213434
117194 1108503
117194 1066192
117194 2811112
9928 2811112
117194 2617379
9928 2617379
117194 498011
9928 498011
117194 219660
117194 718623
117194 355297
9928 355297
117194 213434
117194 3158208
9928 3158208
117194 2068750
117194 1761988
9928 1761988
117194 959734
9928 959734
117194 401461
117194 1761990
9928 1761990
117194 1066193
117194 1068115
117194 1067166
117194 401462
1066192 1108503
1066192 1066193
213434 1066192
1066192 1068115
9884 354617
354617 1068244
354617 355933
354617 1842202
354617 1022035
401461 401462
401462 1067166
219660 401462
401461 2068750
219660 401461
219660 2068750
2068750 3158208
1761990 2068750
959734 2068750
498011 2068750
2068750 2811112
2068750 2617379
9884 1068244
9884 355933
9884 1842202
9884 1022035
355933 1068244
1068244 1842202
1022035 1068244
718623 1067166
219660 1067166
1067166 1761057
9928 1761057
355933 1842202
355933 1022035
355933 652802
9928 652802
355933 572316
9928 572316
355933 3170407
9928 3170407
355933 1022579
9928 1022579
355933 1022577
9928 1022577
355933 1022578
9928 1022578
1022035 1842202
219660 718623
219660 1761057
718623 1761057
210441 545381
210441 2068750
545381 2977099
2068750 2977099
545381 2811385
2068750 2811385
545381 2595646
2068750 2595646
238930 545381
238930 2068750
95098 545381
95098 2068750
268145 545381
268145 2068750
213434 1066193
498011 2811112
2811112 3158208
2617379 2811112
1761990 2811112
959734 2811112
959734 2617379
2617379 3158208
1761990 2617379
498011 2617379
498011 1761988
498011 1761990
355297 498011
498011 959734
498011 3158208
355297 1761988
355297 1761990
355297 643921
9928 643921
355296 355297
9928 355296
355297 1023195
9928 1023195
1761990 3158208
959734 3158208
959734 1761990
572316 652802
652802 3170407
572316 3170407
1022577 1022579
1022578 1022579
1022577 1022578
210441 2595646
210441 268145
210441 2811385
95098 210441
210441 238930
210441 2977099
210441 214304
214304 2068750
210441 2976820
2068750 2976820
210441 2112371
2068750 2112371
2595646 2977099
2811385 2977099
268145 2977099
238930 2977099
95098 2977099
2112371 2977099
2976820 2977099
23915 2977099
23915 2068750
2595646 2811385
268145 2811385
95098 2811385
238930 2811385
2112371 2811385
23915 2811385
2811385 2976820
1121626 2811385
1121626 2068750
2248113 2811385
2068750 2248113
214304 2811385
268145 2595646
95098 2595646
238930 2595646
2248113 2595646
2595646 2976820
23915 2595646
1121626 2595646
214304 2595646
2068749 2595646
2068749 2068750
208838 2595646
208838 2068750
2112371 2595646
238930 268145
95098 238930
23915 238930
238930 2248113
238930 2112371
238930 2976820
238930 1121626
95098 268145
95098 1121626
95098 2248113
95098 2112371
95098 2976820
268145 1121626
268145 2112371
268145 2976820
355296 643921
643921 1023195
355296 1023195
214304 2112371
208838 2112371
23915 2112371
2068749 2112371
1121626 2112371
1121626 2068749
208838 1121626
208838 2068749
-1
495623 495624
495623 495625
495624 495625
9928 495623
9928 495624
317470 495623
317470 495624
495618 495623
495618 495624
9928 495625
317470 495625
495618 495625
9928 317470
9928 495618
317470 495618
495625 2606623
9928 2606623
495625 3146902
9928 3146902
495625 2759896
9928 2759896
495625 1842131
9928 1842131
495625 1025197
9928 1025197
495625 566761
9928 566761
495625 1022134
9928 1022134
317470 2606623
317470 3146902
317470 2759896
317470 1842131
317470 1025197
317470 566761
317470 1022134
317470 1866710
9928 1866710
317470 2142073
9928 2142073
317470 2142072
9928 2142072
317470 2142075
9928 2142075
317470 2142074
9928 2142074
317470 1866712
9928 1866712
317470 2142071
9928 2142071
1022134 2606623
566761 2606623
2759896 3146902
1022134 3146902
1025197 2759896
1842131 2759896
1022134 2759896
1025197 1842131
1022134 1842131
1022134 1025197
566761 1022134
545381 1022134
9928 545381
117194 1022134
9928 117194
1022134 1108503
9928 1108503
1022134 1066192
9928 1066192
1866710 2142071
1866710 1866712
1866710 2142075
1866710 2142072
1866710 2142073
1866710 2142074
2142073 2142074
2142073 2142075
1866712 2142073
2142071 2142073
2142072 2142073
1866712 2142072
2142071 2142072
1866712 2142075
2142074 2142075
1866712 2142074
1866712 2142071
117194 545381
545381 1108503
545381 1066192
545381 2068750
9928 2068750
545381 1066193
9928 1066193
213434 545381
9928 213434
117194 1108503
117194 1066192
117194 2811112
9928 2811112
117194 2617379
9928 2617379
117194 498011
9928 498011
117194 219660
9928 219660
117194 718623
9928 718623
117194 213434
117194 3158208
9928 3158208
117194 401460
9928 401460
117194 2068750
117194 959734
9928 959734
117194 401461
9928 401461
117194 1761990
9928 1761990
117194 1066193
117194 1067166
9928 1067166
117194 401462
9928 401462
1066192 1108503
1066192 1066193
213434 1066192
210441 545381
210441 2068750
545381 2977099
2068750 2977099
545381 2811385
2068750 2811385
545381 2595646
2068750 2595646
238930 545381
238930 2068750
95098 545381
95098 2068750
268145 545381
268145 2068750
401461 2068750
401460 2068750
2068750 3158208
219660 2068750
1761990 2068750
959734 2068750
498011 2068750
2068750 2811112
2068750 2617379
213434 1066193
498011 2811112
2811112 3158208
2617379 2811112
1761990 2811112
959734 2811112
959734 2617379
2617379 3158208
1761990 2617379
498011 2617379
498011 1761990
498011 959734
498011 3158208
219660 718623
219660 1067166
219660 401460
219660 401461
219660 401462
718623 1067166
401460 718623
1761990 3158208
959734 3158208
401460 401462
401460 401461
401460 1067166
354617 401460
9928 354617
9884 401460
9884 9928
401460 1068244
9928 1068244
355933 401460
9928 355933
401460 1842202
9928 1842202
401460 1022035
9928 1022035
959734 1761990
401461 401462
401462 1067166
210441 2595646
210441 268145
210441 2811385
95098 210441
210441 238930
210441 2977099
210441 214304
214304 2068750
210441 2976820
2068750 2976820
210441 2112371
2068750 2112371
2595646 2977099
2811385 2977099
268145 2977099
238930 2977099
95098 2977099
2112371 2977099
2976820 2977099
23915 2977099
23915 2068750
2595646 2811385
268145 2811385
95098 2811385
238930 2811385
2112371 2811385
23915 2811385
2811385 2976820
1121626 2811385
1121626 2068750
2248113 2811385
2068750 2248113
214304 2811385
268145 2595646
95098 2595646
238930 2595646
2248113 2595646
2595646 2976820
23915 2595646
1121626 2595646
214304 2595646
2068749 2595646
2068749 2068750
208838 2595646
208838 2068750
2112371 2595646
238930 268145
95098 238930
23915 238930
238930 2248113
238930 2112371
238930 2976820
238930 1121626
95098 268145
95098 1121626
95098 2248113
95098 2112371
95098 2976820
268145 1121626
268145 2112371
268145 2976820
9884 354617
354617 1068244
354617 355933
354617 1842202
354617 1022035
9884 1068244
9884 355933
9884 1842202
9884 1022035
355933 1068244
1068244 1842202
1022035 1068244
355933 1842202
355933 1022035
1022035 1842202
214304 2112371
208838 2112371
23915 2112371
2068749 2112371
1121626 2112371
1121626 2068749
208838 1121626
208838 2068749
-1
495623 495624
495623 495625
495624 495625
9928 495623
9928 495624
317470 495623
317470 495624
495618 495623
495618 495624
9928 495625
317470 495625
495618 495625
9928 317470
9928 495618
317470 495618
495625 2958044
9928 2958044
495625 2606623
9928 2606623
495625 3146902
9928 3146902
214453 495625
9928 214453
495625 2759896
9928 2759896
495625 1842131
9928 1842131
495625 1025197
9928 1025197
495625 566761
9928 566761
495625 1022134
9928 1022134
317470 2606623
317470 3146902
317470 2759896
317470 1842131
317470 1025197
317470 566761
317470 1022134
317470 401460
9928 401460
317470 873873
9928 873873
317470 1108088
9928 1108088
317470 1866710
9928 1866710
317470 726731
9928 726731
317470 2142073
9928 2142073
317470 2142072
9928 2142072
317470 2142075
9928 2142075
317470 2142074
9928 2142074
317470 1866712
9928 1866712
317470 2142071
9928 2142071
214453 2958044
1022134 2958044
1022134 2606623
566761 2606623
2759896 3146902
1022134 3146902
214453 1022134
1025197 2759896
1842131 2759896
1022134 2759896
1025197 1842131
1022134 1842131
1022134 1025197
566761 1022134
545381 1022134
9928 545381
117194 1022134
9928 117194
1022134 1108503
9928 1108503
1022134 1066192
9928 1066192
401460 873873
401460 726731
354617 401460
9928 354617
401460 401462
9928 401462
401460 401461
9928 401461
401460 2068750
9928 2068750
9884 401460
9884 9928
401460 1068244
9928 1068244
401460 1067166
9928 1067166
355933 401460
9928 355933
117194 401460
401460 1842202
9928 1842202
219660 401460
9928 219660
401460 718623
9928 718623
401460 1022035
9928 1022035
873873 1108088
726731 873873
726731 1108088
1866710 2142071
1866710 1866712
1866710 2142075
1866710 2142072
1866710 2142073
1866710 2142074
2142073 2142074
2142073 2142075
1866712 2142073
2142071 2142073
2142072 2142073
1866712 2142072
2142071 2142072
1866712 2142075
2142074 2142075
1866712 2142074
1866712 2142071
117194 545381
545381 1108503
545381 1066192
545381 2068750
545381 1066193
9928 1066193
545381 1068115
9928 1068115
213434 545381
9928 213434
117194 1108503
117194 1066192
117194 2811112
9928 2811112
117194 2617379
9928 2617379
117194 498011
9928 498011
117194 219660
117194 718623
117194 355297
9928 355297
117194 213434
117194 3158208
9928 3158208
117194 2068750
117194 1761988
9928 1761988
117194 959734
9928 959734
117194 401461
117194 1761990
9928 1761990
117194 1066193
117194 1068115
117194 1067166
117194 401462
1066192 1108503
1066192 1066193
213434 1066192
1066192 1068115
9884 354617
354617 1068244
354617 355933
354617 1842202
354617 1022035
401461 401462
401462 1067166
219660 401462
401461 2068750
219660 401461
219660 2068750
2068750 3158208
1761990 2068750
959734 2068750
498011 2068750
2068750 2811112
2068750 2617379
9884 1068244
9884 355933
9884 1842202
9884 1022035
355933 1068244
1068244 1842202
1022035 1068244
718623 1067166
219660 1067166
1067166 1761057
9928 1761057
355933 1842202
355933 1022035
355933 652802
9928 652802
355933 572316
9928 572316
355933 3170407
9928 3170407
355933 1022579
9928 1022579
355933 1022577
9928 1022577
355933 1022578
9928 1022578
1022035 1842202
219660 718623
219660 1761057
718623 1761057
210441 545381
210441 2068750
545381 2977099
2068750 2977099
545381 2811385
2068750 2811385
545381 2595646
2068750 2595646
238930 545381
238930 2068750
95098 545381
95098 2068750
268145 545381
268145 2068750
213434 1066193
498011 2811112
2811112 3158208
2617379 2811112
1761990 2811112
959734 2811112
959734 2617379
2617379 3158208
1761990 2617379
498011 2617379
498011 1761988
498011 1761990
355297 498011
498011 959734
498011 3158208
355297 1761988
355297 1761990
355297 643921
9928 643921
355296 355297
9928 355296
355297 1023195
9928 1023195
1761990 3158208
959734 3158208
959734 1761990
572316 652802
652802 3170407
572316 3170407
1022577 1022579
1022578 1022579
1022577 1022578
210441 2595646
210441 268145
210441 2811385
95098 210441
210441 238930
210441 2977099
210441 214304
214304 2068750
210441 2976820
2068750 2976820
210441 2112371
2068750 2112371
2595646 2977099
2811385 2977099
268145 2977099
238930 2977099
95098 2977099
2112371 2977099
2976820 2977099
23915 2977099
23915 2068750
2595646 2811385
268145 2811385
95098 2811385
238930 2811385
2112371 2811385
23915 2811385
2811385 2976820
1121626 2811385
1121626 2068750
2248113 2811385
2068750 2248113
214304 2811385
268145 2595646
95098 2595646
238930 2595646
2248113 2595646
2595646 2976820
23915 2595646
1121626 2595646
214304 2595646
2068749 2595646
2068749 2068750
208838 2595646
208838 2068750
2112371 2595646
238930 268145
95098 238930
23915 238930
238930 2248113
238930 2112371
238930 2976820
238930 1121626
95098 268145
95098 1121626
95098 2248113
95098 2112371
95098 2976820
268145 1121626
268145 2112371
268145 2976820
355296 643921
643921 1023195
355296 1023195
214304 2112371
208838 2112371
23915 2112371
2068749 2112371
1121626 2112371
1121626 2068749
208838 1121626
208838 2068749
-1
495623 495624
495623 495625
495624 495625
9928 495623
9928 495624
317470 495623
317470 495624
495618 495623
495618 495624
9928 495625
317470 495625
495618 495625
9928 317470
9928 495618
317470 495618
495625 2606623
9928 2606623
495625 3146902
9928 3146902
495625 2759896
9928 2759896
495625 1842131
9928 1842131
495625 1025197
9928 1025197
495625 566761
9928 566761
495625 1022134
9928 1022134
317470 2606623
317470 3146902
317470 2759896
317470 1842131
317470 1025197
317470 566761
317470 1022134
317470 1866710
9928 1866710
317470 2142073
9928 2142073
317470 2142072
9928 2142072
317470 2142075
9928 2142075
317470 2142074
9928 2142074
317470 1866712
9928 1866712
317470 2142071
9928 2142071
1022134 2606623
566761 2606623
2759896 3146902
1022134 3146902
1025197 2759896
1842131 2759896
1022134 2759896
1025197 1842131
1022134 1842131
1022134 1025197
566761 1022134
545381 1022134
9928 545381
117194 1022134
9928 117194
1022134 1108503
9928 1108503
1022134 1066192
9928 1066192
1866710 2142071
1866710 1866712
1866710 2142075
1866710 2142072
1866710 2142073
1866710 2142074
2142073 2142074
2142073 2142075
1866712 2142073
2142071 2142073
2142072 2142073
1866712 2142072
2142071 2142072
1866712 2142075
2142074 2142075
1866712 2142074
1866712 2142071
117194 545381
545381 1108503
545381 1066192
545381 2068750
9928 2068750
545381 1066193
9928 1066193
213434 545381
9928 213434
117194 1108503
117194 1066192
117194 2811112
9928 2811112
117194 2617379
9928 2617379
117194 498011
9928 498011
117194 219660
9928 219660
117194 718623
9928 718623
117194 213434
117194 3158208
9928 3158208
117194 401460
9928 401460
117194 2068750
117194 959734
9928 959734
117194 401461
9928 401461
117194 1761990
9928 1761990
117194 1066193
117194 1067166
9928 1067166
117194 401462
9928 401462
1066192 1108503
1066192 1066193
213434 1066192
210441 545381
210441 2068750
545381 2977099
2068750 2977099
545381 2811385
2068750 2811385
545381 2595646
2068750 2595646
238930 545381
238930 2068750
95098 545381
95098 2068750
268145 545381
268145 2068750
401461 2068750
401460 2068750
2068750 3158208
219660 2068750
1761990 2068750
959734 2068750
498011 2068750
2068750 2811112
2068750 2617379
213434 1066193
498011 2811112
2811112 3158208
2617379 2811112
1761990 2811112
959734 2811112
959734 2617379
2617379 3158208
1761990 2617379
498011 2617379
498011 1761990
498011 959734
498011 3158208
219660 718623
219660 1067166
219660 401460
219660 401461
219660 401462
718623 1067166
401460 718623
1761990 3158208
959734 3158208
401460 401462
401460 401461
401460 1067166
354617 401460
9928 354617
9884 401460
9884 9928
401460 1068244
9928 1068244
355933 401460
9928 355933
401460 1842202
9928 1842202
401460 1022035
9928 1022035
959734 1761990
401461 401462
401462 1067166
210441 2595646
210441 268145
210441 2811385
95098 210441
210441 238930
210441 2977099
210441 214304
214304 2068750
210441 2976820
2068750 2976820
210441 2112371
2068750 2112371
2595646 2977099
2811385 2977099
268145 2977099
238930 2977099
95098 2977099
2112371 2977099
2976820 2977099
23915 2977099
23915 2068750
2595646 2811385
268145 2811385
95098 2811385
238930 2811385
2112371 2811385
23915 2811385
2811385 2976820
1121626 2811385
1121626 2068750
2248113 2811385
2068750 2248113
214304 2811385
268145 2595646
95098 2595646
238930 2595646
2248113 2595646
2595646 2976820
23915 2595646
1121626 2595646
214304 2595646
2068749 2595646
2068749 2068750
208838 2595646
208838 2068750
2112371 2595646
238930 268145
95098 238930
23915 238930
238930 2248113
238930 2112371
238930 2976820
238930 1121626
95098 268145
95098 1121626
95098 2248113
95098 2112371
95098 2976820
268145 1121626
268145 2112371
268145 2976820
9884 354617
354617 1068244
354617 355933
354617 1842202
354617 1022035
9884 1068244
9884 355933
9884 1842202
9884 1022035
355933 1068244
1068244 1842202
1022035 1068244
355933 1842202
355933 1022035
1022035 1842202
214304 2112371
208838 2112371
23915 2112371
2068749 2112371
1121626 2112371
1121626 2068749
208838 1121626
208838 2068749
-1
495623 495624
495623 495625
495624 495625
9928 495623
9928 495624
317470 495623
317470 495624
495618 495623
495618 495624
9928 495625
317470 495625
495618 495625
9928 317470
9928 495618
317470 495618
495625 2606623
9928 2606623
495625 3146902
9928 3146902
495625 2759896
9928 2759896
495625 1842131
9928 1842131
495625 1025197
9928 1025197
495625 566761
9928 566761
495625 1022134
9928 1022134
317470 2606623
317470 3146902
317470 2759896
317470 1842131
317470 1025197
317470 566761
317470 1022134
317470 1866710
9928 1866710
317470 2142073
9928 2142073
317470 2142072
9928 2142072
317470 2142075
9928 2142075
317470 2142074
9928 2142074
317470 1866712
9928 1866712
317470 2142071
9928 2142071
1022134 2606623
566761 2606623
2759896 3146902
1022134 3146902
1025197 2759896
1842131 2759896
1022134 2759896
1025197 1842131
1022134 1842131
1022134 1025197
566761 1022134
545381 1022134
9928 545381
117194 1022134
9928 117194
1022134 1108503
9928 1108503
1022134 1066192
9928 1066192
1866710 2142071
1866710 1866712
1866710 2142075
1866710 2142072
1866710 2142073
1866710 2142074
2142073 2142074
2142073 2142075
1866712 2142073
2142071 2142073
2142072 2142073
1866712 2142072
2142071 2142072
1866712 2142075
2142074 2142075
1866712 2142074
1866712 2142071
117194 545381
545381 1108503
545381 1066192
545381 2068750
9928 2068750
545381 1066193
9928 1066193
213434 545381
9928 213434
117194 1108503
117194 1066192
117194 2811112
9928 2811112
117194 2617379
9928 2617379
117194 498011
9928 498011
117194 219660
9928 219660
117194 718623
9928 718623
117194 213434
117194 3158208
9928 3158208
117194 401460
9928 401460
117194 2068750
117194 959734
9928 959734
117194 401461
9928 401461
117194 1761990
9928 1761990
117194 1066193
117194 1067166
9928 1067166
117194 401462
9928 401462
1066192 1108503
1066192 1066193
213434 1066192
210441 545381
210441 2068750
545381 2977099
2068750 2977099
545381 2811385
2068750 2811385
545381 2595646
2068750 2595646
238930 545381
238930 2068750
95098 545381
95098 2068750
268145 545381
268145 2068750
401461 2068750
401460 2068750
2068750 3158208
219660 2068750
1761990 2068750
959734 2068750
498011 2068750
2068750 2811112
2068750 2617379
213434 1066193
498011 2811112
2811112 3158208
2617379 2811112
1761990 2811112
959734 2811112
959734 2617379
2617379 3158208
1761990 2617379
498011 2617379
498011 1761990
498011 959734
498011 3158208
219660 718623
219660 1067166
219660 401460
219660 401461
219660 401462
718623 1067166
401460 718623
1761990 3158208
959734 3158208
401460 401462
401460 401461
401460 1067166
354617 401460
9928 354617
9884 401460
9884 9928
401460 1068244
9928 1068244
355933 401460
9928 355933
401460 1842202
9928 1842202
401460 1022035
9928 1022035
959734 1761990
401461 401462
401462 1067166
210441 2595646
210441 268145
210441 2811385
95098 210441
210441 238930
210441 2977099
210441 214304
214304 2068750
210441 2976820
2068750 2976820
210441 2112371
2068750 2112371
2595646 2977099
2811385 2977099
268145 2977099
238930 2977099
95098 2977099
2112371 2977099
2976820 2977099
23915 2977099
23915 2068750
2595646 2811385
268145 2811385
95098 2811385
238930 2811385
2112371 2811385
23915 2811385
2811385 2976820
1121626 2811385
1121626 2068750
2248113 2811385
2068750 2248113
214304 2811385
268145 2595646
95098 2595646
238930 2595646
2248113 2595646
2595646 2976820
23915 2595646
1121626 2595646
214304 2595646
2068749 2595646
2068749 2068750
208838 2595646
208838 2068750
2112371 2595646
238930 268145
95098 238930
23915 238930
238930 2248113
238930 2112371
238930 2976820
238930 1121626
95098 268145
95098 1121626
95098 2248113
95098 2112371
95098 2976820
268145 1121626
268145 2112371
268145 2976820
9884 354617
354617 1068244
354617 355933
354617 1842202
354617 1022035
9884 1068244
9884 355933
9884 1842202
9884 1022035
355933 1068244
1068244 1842202
1022035 1068244
355933 1842202
355933 1022035
1022035 1842202
214304 2112371
208838 2112371
23915 2112371
2068749 2112371
1121626 2112371
1121626 2068749
208838 1121626
208838 2068749
-1
495623 495624
495623 495625
495624 495625
9928 495623
9928 495624
317470 495623
317470 495624
495618 495623
495618 495624
9928 495625
317470 495625
495618 495625
9928 317470
9928 495618
317470 495618
495625 2606623
9928 2606623
495625 3146902
9928 3146902
495625 2759896
9928 2759896
495625 1842131
9928 1842131
495625 1025197
9928 1025197
495625 566761
9928 566761
495625 1022134
9928 1022134
317470 2606623
317470 3146902
317470 2759896
317470 1842131
317470 1025197
317470 566761
317470 1022134
317470 1866710
9928 1866710
317470 2142073
9928 2142073
317470 2142072
9928 2142072
317470 2142075
9928 2142075
317470 2142074
9928 2142074
317470 1866712
9928 1866712
317470 2142071
9928 2142071
1022134 2606623
566761 2606623
2759896 3146902
1022134 3146902
1025197 2759896
1842131 2759896
1022134 2759896
1025197 1842131
1022134 1842131
1022134 1025197
566761 1022134
545381 1022134
9928 545381
117194 1022134
9928 117194
1022134 1108503
9928 1108503
1022134 1066192
9928 1066192
1866710 2142071
1866710 1866712
1866710 2142075
1866710 2142072
1866710 2142073
1866710 2142074
2142073 2142074
2142073 2142075
1866712 2142073
2142071 2142073
2142072 2142073
1866712 2142072
2142071 2142072
1866712 2142075
2142074 2142075
1866712 2142074
1866712 2142071
117194 545381
545381 1108503
545381 1066192
545381 2068750
9928 2068750
545381 1066193
9928 1066193
213434 545381
9928 213434
117194 1108503
117194 1066192
117194 2811112
9928 2811112
117194 2617379
9928 2617379
117194 498011
9928 498011
117194 219660
9928 219660
117194 718623
9928 718623
117194 213434
117194 3158208
9928 3158208
117194 401460
9928 401460
117194 2068750
117194 959734
9928 959734
117194 401461
9928 401461
117194 1761990
9928 1761990
117194 1066193
117194 1067166
9928 1067166
117194 401462
9928 401462
1066192 1108503
1066192 1066193
213434 1066192
210441 545381
210441 2068750
545381 2977099
2068750 2977099
545381 2811385
2068750 2811385
545381 2595646
2068750 2595646
238930 545381
238930 2068750
95098 545381
95098 2068750
268145 545381
268145 2068750
401461 2068750
401460 2068750
2068750 3158208
219660 2068750
1761990 2068750
959734 2068750
498011 2068750
2068750 2811112
2068750 2617379
213434 1066193
498011 2811112
2811112 3158208
2617379 2811112
1761990 2811112
959734 2811112
959734 2617379
2617379 3158208
1761990 2617379
498011 2617379
498011 1761990
498011 959734
498011 3158208
219660 718623
219660 1067166
219660 401460
219660 401461
219660 401462
718623 1067166
401460 718623
1761990 3158208
959734 3158208
401460 401462
401460 401461
401460 1067166
354617 401460
9928 354617
9884 401460
9884 9928
401460 1068244
9928 1068244
355933 401460
9928 355933
401460 1842202
9928 1842202
401460 1022035
9928 1022035
959734 1761990
401461 401462
401462 1067166
210441 2595646
210441 268145
210441 2811385
95098 210441
210441 238930
210441 2977099
210441 214304
214304 2068750
210441 2976820
2068750 2976820
210441 2112371
2068750 2112371
2595646 2977099
2811385 2977099
268145 2977099
238930 2977099
95098 2977099
2112371 2977099
2976820 2977099
23915 2977099
23915 2068750
2595646 2811385
268145 2811385
95098 2811385
238930 2811385
2112371 2811385
23915 2811385
2811385 2976820
1121626 2811385
1121626 2068750
2248113 2811385
2068750 2248113
214304 2811385
268145 2595646
95098 2595646
238930 2595646
2248113 2595646
2595646 2976820
23915 2595646
1121626 2595646
214304 2595646
2068749 2595646
2068749 2068750
208838 2595646
208838 2068750
2112371 2595646
238930 268145
95098 238930
23915 238930
238930 2248113
238930 2112371
238930 2976820
238930 1121626
95098 268145
95098 1121626
95098 2248113
95098 2112371
95098 2976820
268145 1121626
268145 2112371
268145 2976820
9884 354617
354617 1068244
354617 355933
354617 1842202
354617 1022035
9884 1068244
9884 355933
9884 1842202
9884 1022035
355933 1068244
1068244 1842202
1022035 1068244
355933 1842202
355933 1022035
1022035 1842202
214304 2112371
208838 2112371
23915 2112371
2068749 2112371
1121626 2112371
1121626 2068749
208838 1121626
208838 2068749
-1
495623 495624
495623 495625
495624 495625
9928 495623
9928 495624
317470 495623
317470 495624
495618 495623
495618 495624
9928 495625
317470 495625
495618 495625
9928 317470
9928 495618
317470 495618
495625 2606623
9928 2606623
495625 3146902
9928 3146902
495625 2759896
9928 2759896
495625 1842131
9928 1842131
495625 1025197
9928 1025197
495625 566761
9928 566761
495625 1022134
9928 1022134
317470 2606623
317470 3146902
317470 2759896
317470 1842131
317470 1025197
317470 566761
317470 1022134
317470 1866710
9928 1866710
317470 2142073
9928 2142073
317470 2142072
9928 2142072
317470 2142075
9928 2142075
317470 2142074
9928 2142074
317470 1866712
9928 1866712
317470 2142071
9928 2142071
1022134 2606623
566761 2606623
2759896 3146902
1022134 3146902
1025197 2759896
1842131 2759896
1022134 2759896
1025197 1842131
1022134 1842131
1022134 1025197
566761 1022134
545381 1022134
9928 545381
117194 1022134
9928 117194
1022134 1108503
9928 1108503
1022134 1066192
9928 1066192
1866710 2142071
1866710 1866712
1866710 2142075
1866710 2142072
1866710 2142073
1866710 2142074
2142073 2142074
2142073 2142075
1866712 2142073
2142071 2142073
2142072 2142073
1866712 2142072
2142071 2142072
1866712 2142075
2142074 2142075
1866712 2142074
1866712 2142071
117194 545381
545381 1108503
545381 1066192
545381 2068750
9928 2068750
545381 1066193
9928 1066193
213434 545381
9928 213434
117194 1108503
117194 1066192
117194 2811112
9928 2811112
117194 2617379
9928 2617379
117194 498011
9928 498011
117194 219660
9928 219660
117194 718623
9928 718623
117194 213434
117194 3158208
9928 3158208
117194 401460
9928 401460
117194 2068750
117194 959734
9928 959734
117194 401461
9928 401461
117194 1761990
9928 1761990
117194 1066193
117194 1067166
9928 1067166
117194 401462
9928 401462
1066192 1108503
1066192 1066193
213434 1066192
210441 545381
210441 2068750
545381 2977099
2068750 2977099
545381 2811385
2068750 2811385
545381 2595646
2068750 2595646
238930 545381
238930 2068750
95098 545381
95098 2068750
268145 545381
268145 2068750
401461 2068750
401460 2068750
2068750 3158208
219660 2068750
1761990 2068750
959734 2068750
498011 2068750
2068750 2811112
2068750 2617379
213434 1066193
498011 2811112
2811112 3158208
2617379 2811112
1761990 2811112
959734 2811112
959734 2617379
2617379 3158208
1761990 2617379
498011 2617379
498011 1761990
498011 959734
498011 3158208
219660 718623
219660 1067166
219660 401460
219660 401461
219660 401462
718623 1067166
401460 718623
1761990 3158208
959734 3158208
401460 401462
401460 401461
401460 1067166
354617 401460
9928 354617
9884 401460
9884 9928
401460 1068244
9928 1068244
355933 401460
9928 355933
401460 1842202
9928 1842202
401460 1022035
9928 1022035
959734 1761990
401461 401462
401462 1067166
210441 2595646
210441 268145
210441 2811385
95098 210441
210441 238930
210441 2977099
210441 214304
214304 2068750
210441 2976820
2068750 2976820
210441 2112371
2068750 2112371
2595646 2977099
2811385 2977099
268145 2977099
238930 2977099
95098 2977099
2112371 2977099
2976820 2977099
23915 2977099
23915 2068750
2595646 2811385
268145 2811385
95098 2811385
238930 2811385
2112371 2811385
23915 2811385
2811385 2976820
1121626 2811385
1121626 2068750
2248113 2811385
2068750 2248113
214304 2811385
268145 2595646
95098 2595646
238930 2595646
2248113 2595646
2595646 2976820
23915 2595646
1121626 2595646
214304 2595646
2068749 2595646
2068749 2068750
208838 2595646
208838 2068750
2112371 2595646
238930 268145
95098 238930
23915 238930
238930 2248113
238930 2112371
238930 2976820
238930 1121626
95098 268145
95098 1121626
95098 2248113
95098 2112371
95098 2976820
268145 1121626
268145 2112371
268145 2976820
9884 354617
354617 1068244
354617 355933
354617 1842202
354617 1022035
9884 1068244
9884 355933
9884 1842202
9884 1022035
355933 1068244
1068244 1842202
1022035 1068244
355933 1842202
355933 1022035
1022035 1842202
214304 2112371
208838 2112371
23915 2112371
2068749 2112371
1121626 2112371
1121626 2068749
208838 1121626
208838 2068749
-1
495623 495624
495623 495625
495624 495625
9928 495623
9928 495624
317470 495623
317470 495624
495618 495623
495618 495624
9928 495625
317470 495625
495618 495625
9928 317470
9928 495618
317470 495618
495625 2606623
9928 2606623
495625 3146902
9928 3146902
495625 2759896
9928 2759896
495625 1842131
9928 1842131
495625 1025197
9928 1025197
495625 566761
9928 566761
495625 1022134
9928 1022134
317470 2606623
317470 3146902
317470 2759896
317470 1842131
317470 1025197
317470 566761
317470 1022134
317470 1866710
9928 1866710
317470 2142073
9928 2142073
317470 2142072
9928 2142072
317470 2142075
9928 2142075
317470 2142074
9928 2142074
317470 1866712
9928 1866712
317470 2142071
9928 2142071
1022134 2606623
566761 2606623
2759896 3146902
1022134 3146902
1025197 2759896
1842131 2759896
1022134 2759896
1025197 1842131
1022134 1842131
1022134 1025197
566761 1022134
545381 1022134
9928 545381
117194 1022134
9928 117194
1022134 1108503
9928 1108503
1022134 1066192
9928 1066192
1866710 2142071
1866710 1866712
1866710 2142075
1866710 2142072
1866710 2142073
1866710 2142074
2142073 2142074
2142073 2142075
1866712 2142073
2142071 2142073
2142072 2142073
1866712 2142072
2142071 2142072
1866712 2142075
2142074 2142075
1866712 2142074
1866712 2142071
117194 545381
545381 1108503
545381 1066192
545381 2068750
9928 2068750
545381 1066193
9928 1066193
213434 545381
9928 213434
117194 1108503
117194 1066192
117194 2811112
9928 2811112
117194 2617379
9928 2617379
117194 498011
9928 498011
117194 219660
9928 219660
117194 718623
9928 718623
117194 213434
117194 3158208
9928 3158208
117194 401460
9928 401460
117194 2068750
117194 959734
9928 959734
117194 401461
9928 401461
117194 1761990
9928 1761990
117194 1066193
117194 1067166
9928 1067166
117194 401462
9928 401462
1066192 1108503
1066192 1066193
213434 1066192
210441 545381
210441 2068750
545381 2977099
2068750 2977099
545381 2811385
2068750 2811385
545381 2595646
2068750 2595646
238930 545381
238930 2068750
95098 545381
95098 2068750
268145 545381
268145 2068750
401461 2068750
401460 2068750
2068750 3158208
219660 2068750
1761990 2068750
959734 2068750
498011 2068750
2068750 2811112
2068750 2617379
213434 1066193
498011 2811112
2811112 3158208
2617379 2811112
1761990 2811112
959734 2811112
959734 2617379
2617379 3158208
1761990 2617379
498011 2617379
498011 1761990
498011 959734
498011 3158208
219660 718623
219660 1067166
219660 401460
219660 401461
219660 401462
718623 1067166
401460 718623
1761990 3158208
959734 3158208
401460 401462
401460 401461
401460 1067166
354617 401460
9928 354617
9884 401460
9884 9928
401460 1068244
9928 1068244
355933 401460
9928 355933
401460 1842202
9928 1842202
401460 1022035
9928 1022035
959734 1761990
401461 401462
401462 1067166
210441 2595646
210441 268145
210441 2811385
95098 210441
210441 238930
210441 2977099
210441 214304
214304 2068750
210441 2976820
2068750 2976820
210441 2112371
2068750 2112371
2595646 2977099
2811385 2977099
268145 2977099
238930 2977099
95098 2977099
2112371 2977099
2976820 2977099
23915 2977099
23915 2068750
2595646 2811385
268145 2811385
95098 2811385
238930 2811385
2112371 2811385
23915 2811385
2811385 2976820
1121626 2811385
1121626 2068750
2248113 2811385
2068750 2248113
214304 2811385
268145 2595646
95098 2595646
238930 2595646
2248113 2595646
2595646 2976820
23915 2595646
1121626 2595646
214304 2595646
2068749 2595646
2068749 2068750
208838 2595646
208838 2068750
2112371 2595646
238930 268145
95098 238930
23915 238930
238930 2248113
238930 2112371
238930 2976820
238930 1121626
95098 268145
95098 1121626
95098 2248113
95098 2112371
95098 2976820
268145 1121626
268145 2112371
268145 2976820
9884 354617
354617 1068244
354617 355933
354617 1842202
354617 1022035
9884 1068244
9884 355933
9884 1842202
9884 1022035
355933 1068244
1068244 1842202
1022035 1068244
355933 1842202
355933 1022035
1022035 1842202
214304 2112371
208838 2112371
23915 2112371
2068749 2112371
1121626 2112371
1121626 2068749
208838 1121626
208838 2068749
-1
495623 495624
495623 495625
495624 495625
9928 495623
9928 495624
317470 495623
317470 495624
495618 495623
495618 495624
9928 495625
317470 495625
495618 495625
9928 317470
9928 495618
317470 495618
495625 2606623
9928 2606623
495625 3146902
9928 3146902
495625 2759896
9928 2759896
495625 1842131
9928 1842131
495625 1025197
9928 1025197
495625 566761
9928 566761
495625 1022134
9928 1022134
317470 2606623
317470 3146902
317470 2759896
317470 1842131
317470 1025197
317470 566761
317470 1022134
317470 1866710
9928 1866710
317470 2142073
9928 2142073
317470 2142072
9928 2142072
317470 2142075
9928 2142075
317470 2142074
9928 2142074
317470 1866712
9928 1866712
317470 2142071
9928 2142071
1022134 2606623
566761 2606623
2759896 3146902
1022134 3146902
1025197 2759896
1842131 2759896
1022134 2759896
1025197 1842131
1022134 1842131
1022134 1025197
566761 1022134
545381 1022134
9928 545381
117194 1022134
9928 117194
1022134 1108503
9928 1108503
1022134 1066192
9928 1066192
1866710 2142071
1866710 1866712
1866710 2142075
1866710 2142072
1866710 2142073
1866710 2142074
2142073 2142074
2142073 2142075
1866712 2142073
2142071 2142073
2142072 2142073
1866712 2142072
2142071 2142072
1866712 2142075
2142074 2142075
1866712 2142074
1866712 2142071
117194 545381
545381 1108503
545381 1066192
545381 2068750
9928 2068750
545381 1066193
9928 1066193
213434 545381
9928 213434
117194 1108503
117194 1066192
117194 2811112
9928 2811112
117194 2617379
9928 2617379
117194 498011
9928 498011
117194 219660
9928 219660
117194 718623
9928 718623
117194 213434
117194 3158208
9928 3158208
117194 401460
9928 401460
117194 2068750
117194 959734
9928 959734
117194 401461
9928 401461
117194 1761990
9928 1761990
117194 1066193
117194 1067166
9928 1067166
117194 401462
9928 401462
1066192 1108503
1066192 1066193
213434 1066192
210441 545381
210441 2068750
545381 2977099
2068750 2977099
545381 2811385
2068750 2811385
545381 2595646
2068750 2595646
238930 545381
238930 2068750
95098 545381
95098 2068750
268145 545381
268145 2068750
401461 2068750
401460 2068750
2068750 3158208
219660 2068750
1761990 2068750
959734 2068750
498011 2068750
2068750 2811112
2068750 2617379
213434 1066193
498011 2811112
2811112 3158208
2617379 2811112
1761990 2811112
959734 2811112
959734 2617379
2617379 3158208
1761990 2617379
498011 2617379
498011 1761990
498011 959734
498011 3158208
219660 718623
219660 1067166
219660 401460
219660 401461
219660 401462
718623 1067166
401460 718623
1761990 3158208
959734 3158208
401460 401462
401460 401461
401460 1067166
354617 401460
9928 354617
9884 401460
9884 9928
401460 1068244
9928 1068244
355933 401460
9928 355933
401460 1842202
9928 1842202
401460 1022035
9928 1022035
959734 1761990
401461 401462
401462 1067166
210441 2595646
210441 268145
210441 2811385
95098 210441
210441 238930
210441 2977099
210441 214304
214304 2068750
210441 2976820
2068750 2976820
210441 2112371
2068750 2112371
2595646 2977099
2811385 2977099
268145 2977099
238930 2977099
95098 2977099
2112371 2977099
2976820 2977099
23915 2977099
23915 2068750
2595646 2811385
268145 2811385
95098 2811385
238930 2811385
2112371 2811385
23915 2811385
2811385 2976820
1121626 2811385
1121626 2068750
2248113 2811385
2068750 2248113
214304 2811385
268145 2595646
95098 2595646
238930 2595646
2248113 2595646
2595646 2976820
23915 2595646
1121626 2595646
214304 2595646
2068749 2595646
2068749 2068750
208838 2595646
208838 2068750
2112371 2595646
238930 268145
95098 238930
23915 238930
238930 2248113
238930 2112371
238930 2976820
238930 1121626
95098 268145
95098 1121626
95098 2248113
95098 2112371
95098 2976820
268145 1121626
268145 2112371
268145 2976820
9884 354617
354617 1068244
354617 355933
354617 1842202
354617 1022035
9884 1068244
9884 355933
9884 1842202
9884 1022035
355933 1068244
1068244 1842202
1022035 1068244
355933 1842202
355933 1022035
1022035 1842202
214304 2112371
208838 2112371
23915 2112371
2068749 2112371
1121626 2112371
1121626 2068749
208838 1121626
208838 2068749
-1
495623 495624
495623 495625
495624 495625
9928 495623
9928 495624
317470 495623
317470 495624
495618 495623
495618 495624
9928 495625
317470 495625
495618 495625
9928 317470
9928 495618
317470 495618
495625 2606623
9928 2606623
495625 3146902
9928 3146902
495625 2759896
9928 2759896
495625 1842131
9928 1842131
495625 1025197
9928 1025197
495625 566761
9928 566761
495625 1022134
9928 1022134
317470 2606623
317470 3146902
317470 2759896
317470 1842131
317470 1025197
317470 566761
317470 1022134
317470 1866710
9928 1866710
317470 2142073
9928 2142073
317470 2142072
9928 2142072
317470 2142075
9928 2142075
317470 2142074
9928 2142074
317470 1866712
9928 1866712
317470 2142071
9928 2142071
1022134 2606623
566761 2606623
2759896 3146902
1022134 3146902
1025197 2759896
1842131 2759896
1022134 2759896
1025197 1842131
1022134 1842131
1022134 1025197
566761 1022134
545381 1022134
9928 545381
117194 1022134
9928 117194
1022134 1108503
9928 1108503
1022134 1066192
9928 1066192
1866710 2142071
1866710 1866712
1866710 2142075
1866710 2142072
1866710 2142073
1866710 2142074
2142073 2142074
2142073 2142075
1866712 2142073
2142071 2142073
2142072 2142073
1866712 2142072
2142071 2142072
1866712 2142075
2142074 2142075
1866712 2142074
1866712 2142071
117194 545381
545381 1108503
545381 1066192
545381 2068750
9928 2068750
545381 1066193
9928 1066193
213434 545381
9928 213434
117194 1108503
117194 1066192
117194 2811112
9928 2811112
117194 2617379
9928 2617379
117194 498011
9928 498011
117194 219660
9928 219660
117194 718623
9928 718623
117194 213434
117194 3158208
9928 3158208
117194 401460
9928 401460
117194 2068750
117194 959734
9928 959734
117194 401461
9928 401461
117194 1761990
9928 1761990
117194 1066193
117194 1067166
9928 1067166
117194 401462
9928 401462
1066192 1108503
1066192 1066193
213434 1066192
210441 545381
210441 2068750
545381 2977099
2068750 2977099
545381 2811385
2068750 2811385
545381 2595646
2068750 2595646
238930 545381
238930 2068750
95098 545381
95098 2068750
268145 545381
268145 2068750
401461 2068750
401460 2068750
2068750 3158208
219660 2068750
1761990 2068750
959734 2068750
498011 2068750
2068750 2811112
2068750 2617379
213434 1066193
498011 2811112
2811112 3158208
2617379 2811112
1761990 2811112
959734 2811112
959734 2617379
2617379 3158208
1761990 2617379
498011 2617379
498011 1761990
498011 959734
498011 3158208
219660 718623
219660 1067166
219660 401460
219660 401461
219660 401462
718623 1067166
401460 718623
1761990 3158208
959734 3158208
401460 401462
401460 401461
401460 1067166
354617 401460
9928 354617
9884 401460
9884 9928
401460 1068244
9928 1068244
355933 401460
9928 355933
401460 1842202
9928 1842202
401460 1022035
9928 1022035
959734 1761990
401461 401462
401462 1067166
210441 2595646
210441 268145
210441 2811385
95098 210441
210441 238930
210441 2977099
210441 214304
214304 2068750
210441 2976820
2068750 2976820
210441 2112371
2068750 2112371
2595646 2977099
2811385 2977099
268145 2977099
238930 2977099
95098 2977099
2112371 2977099
2976820 2977099
23915 2977099
23915 2068750
2595646 2811385
268145 2811385
95098 2811385
238930 2811385
2112371 2811385
23915 2811385
2811385 2976820
1121626 2811385
1121626 2068750
2248113 2811385
2068750 2248113
214304 2811385
268145 2595646
95098 2595646
238930 2595646
2248113 2595646
2595646 2976820
23915 2595646
1121626 2595646
214304 2595646
2068749 2595646
2068749 2068750
208838 2595646
208838 2068750
2112371 2595646
238930 268145
95098 238930
23915 238930
238930 2248113
238930 2112371
238930 2976820
238930 1121626
95098 268145
95098 1121626
95098 2248113
95098 2112371
95098 2976820
268145 1121626
268145 2112371
268145 2976820
9884 354617
354617 1068244
354617 355933
354617 1842202
354617 1022035
9884 1068244
9884 355933
9884 1842202
9884 1022035
355933 1068244
1068244 1842202
1022035 1068244
355933 1842202
355933 1022035
1022035 1842202
214304 2112371
208838 2112371
23915 2112371
2068749 2112371
1121626 2112371
1121626 2068749
208838 1121626
208838 2068749
-1
495623 495624
495623 495625
495624 495625
9928 495623
9928 495624
317470 495623
317470 495624
495618 495623
495618 495624
9928 495625
317470 495625
495618 495625
9928 317470
9928 495618
317470 495618
495625 2606623
9928 2606623
495625 3146902
9928 3146902
495625 2759896
9928 2759896
495625 1842131
9928 1842131
495625 1025197
9928 1025197
495625 566761
9928 566761
495625 1022134
9928 1022134
317470 2606623
317470 3146902
317470 2759896
317470 1842131
317470 1025197
317470 566761
317470 1022134
317470 1866710
9928 1866710
317470 2142073
9928 2142073
317470 2142072
9928 2142072
317470 2142075
9928 2142075
317470 2142074
9928 2142074
317470 1866712
9928 1866712
317470 2142071
9928 2142071
1022134 2606623
566761 2606623
2759896 3146902
1022134 3146902
1025197 2759896
1842131 2759896
1022134 2759896
1025197 1842131
1022134 1842131
1022134 1025197
566761 1022134
545381 1022134
9928 545381
117194 1022134
9928 117194
1022134 1108503
9928 1108503
1022134 1066192
9928 1066192
1866710 2142071
1866710 1866712
1866710 2142075
1866710 2142072
1866710 2142073
1866710 2142074
2142073 2142074
2142073 2142075
1866712 2142073
2142071 2142073
2142072 2142073
1866712 2142072
2142071 2142072
1866712 2142075
2142074 2142075
1866712 2142074
1866712 2142071
117194 545381
545381 1108503
545381 1066192
545381 2068750
9928 2068750
545381 1066193
9928 1066193
213434 545381
9928 213434
117194 1108503
117194 1066192
117194 2811112
9928 2811112
117194 2617379
9928 2617379
117194 498011
9928 498011
117194 219660
9928 219660
117194 718623
9928 718623
117194 213434
117194 3158208
9928 3158208
117194 401460
9928 401460
117194 2068750
117194 959734
9928 959734
117194 401461
9928 401461
117194 1761990
9928 1761990
117194 1066193
117194 1067166
9928 1067166
117194 401462
9928 401462
1066192 1108503
1066192 1066193
213434 1066192
210441 545381
210441 2068750
545381 2977099
2068750 2977099
545381 2811385
2068750 2811385
545381 2595646
2068750 2595646
238930 545381
238930 2068750
95098 545381
95098 2068750
268145 545381
268145 2068750
401461 2068750
401460 2068750
2068750 3158208
219660 2068750
1761990 2068750
959734 2068750
498011 2068750
2068750 2811112
2068750 2617379
213434 1066193
498011 2811112
2811112 3158208
2617379 2811112
1761990 2811112
959734 2811112
959734 2617379
2617379 3158208
1761990 2617379
498011 2617379
498011 1761990
498011 959734
498011 3158208
219660 718623
219660 1067166
219660 401460
219660 401461
219660 401462
718623 1067166
401460 718623
1761990 3158208
959734 3158208
401460 401462
401460 401461
401460 1067166
354617 401460
9928 354617
9884 401460
9884 9928
401460 1068244
9928 1068244
355933 401460
9928 355933
401460 1842202
9928 1842202
401460 1022035
9928 1022035
959734 1761990
401461 401462
401462 1067166
210441 2595646
210441 268145
210441 2811385
95098 210441
210441 238930
210441 2977099
210441 214304
214304 2068750
210441 2976820
2068750 2976820
210441 2112371
2068750 2112371
2595646 2977099
2811385 2977099
268145 2977099
238930 2977099
95098 2977099
2112371 2977099
2976820 2977099
23915 2977099
23915 2068750
2595646 2811385
268145 2811385
95098 2811385
238930 2811385
2112371 2811385
23915 2811385
2811385 2976820
1121626 2811385
1121626 2068750
2248113 2811385
2068750 2248113
214304 2811385
268145 2595646
95098 2595646
238930 2595646
2248113 2595646
2595646 2976820
23915 2595646
1121626 2595646
214304 2595646
2068749 2595646
2068749 2068750
208838 2595646
208838 2068750
2112371 2595646
238930 268145
95098 238930
23915 238930
238930 2248113
238930 2112371
238930 2976820
238930 1121626
95098 268145
95098 1121626
95098 2248113
95098 2112371
95098 2976820
268145 1121626
268145 2112371
268145 2976820
9884 354617
354617 1068244
354617 355933
354617 1842202
354617 1022035
9884 1068244
9884 355933
9884 1842202
9884 1022035
355933 1068244
1068244 1842202
1022035 1068244
355933 1842202
355933 1022035
1022035 1842202
214304 2112371
208838 2112371
23915 2112371
2068749 2112371
1121626 2112371
1121626 2068749
208838 1121626
208838 2068749
-1
