10722 14865
10722 14866
10722 559639
10722 563215
14865 14864
14865 4890
14865 14866
14865 15019
14865 15043
14865 72684
14865 220066
14865 473086
14865 820067
14865 15330
14865 23855
14865 88818
14865 91440
14865 101055
14865 106043
14865 117078
14865 118970
14865 133629
14865 169438
14865 211535
14865 270988
14865 283168
14865 336827
14865 340158
14865 340176
14865 464408
14865 559639
14865 563215
14864 14866
4890 473086
14866 15019
14866 15043
14866 220066
14866 473086
14866 820067
14866 15330
14866 91440
14866 101055
14866 106043
14866 117078
14866 118970
14866 133629
14866 270988
14866 336827
14866 340176
14866 559639
14866 563215
15019 15043
15019 473086
15019 270988
15019 336827
15043 270988
15043 336827
820067 106043
820067 133629
88818 211535
91440 563215
106043 563215
118970 336827
118970 340176
133629 464408
270988 336827
336827 340176
336827 563215
559639 563215
