9544 204475
9544 6455
9544 9511
9544 2441
9544 2442
9544 9402
9544 9436
9544 9726
9544 13959
9544 48800
9544 128208
9544 131051
9544 198717
9544 226897
9544 11741
9544 44269
9544 45069
9544 58001
9544 130755
9544 131160
9544 131206
9544 176264
9544 192336
9544 198611
9544 213268
9544 227296
9544 227368
9544 227550
9544 354105
204475 10418
204475 10990
204475 13801
204475 15189
204475 15348
204475 20006
204475 27619
204475 27843
204475 35395
204475 103525
204475 115543
204475 159013
204475 175369
204475 176848
204475 176911
204475 193500
204475 143540
204475 264968
204475 206926
204475 206929
204475 234098
204475 234672
204475 238084
204475 239471
204475 249603
204475 249772
204475 257872
204475 281982
204475 281983
204475 285463
204475 288898
204475 289353
204475 302578
204475 303646
204475 308916
204475 312290
204475 331404
204475 334255
204475 334686
204475 344787
204475 345911
204475 353643
204475 355670
204475 355671
204475 355715
204475 357143
204475 357171
204475 361781
204475 361782
204475 362145
204475 363372
204475 363643
204475 366132
204475 368818
204475 368826
204475 369750
204475 370453
204475 371982
204475 372742
204475 372769
204475 375995
204475 380014
10418 234098
10418 281982
10418 281983
10990 281982
10990 13648
10990 14315
10990 47056
10990 54635
10990 60709
10990 65231
10990 69850
10990 71005
10990 94322
10990 97144
10990 97667
10990 98882
10990 127727
10990 128272
10990 128273
10990 128543
10990 131277
10990 138591
10990 150375
10990 164294
10990 182930
10990 191625
10990 240176
10990 240690
10990 245326
10990 258438
10990 282924
10990 326334
10990 390930
10990 34086
10990 38420
10990 71460
10990 103634
10990 113302
10990 147010
10990 248188
10990 298895
10990 315146
13801 20006
13801 35395
13801 143540
13801 281982
13801 281983
13801 312290
13801 345911
13801 10500
13801 68479
13801 155717
13801 158862
13801 375445
15189 193500
15189 281982
15189 302578
15189 1007
15189 2832
15189 4463
15189 6480
15189 7009
15189 9623
15189 11410
15189 13505
15189 17377
15189 21162
15189 26971
15189 32225
15189 32228
15189 53415
15189 53636
15189 54068
15189 59656
15189 59938
15189 79127
15189 97058
15189 100902
15189 114795
15189 132698
15189 135590
15189 170895
15189 176143
15189 189915
15189 200170
15189 211661
15189 342184
15189 346060
15189 350974
15189 358385
15189 368226
15189 19835
15189 30631
15189 43642
15189 46710
15189 54649
15189 71283
15189 76556
15189 84832
15189 98584
15189 115951
15189 146070
15189 162339
15189 171281
15189 188762
15189 250074
15189 259226
15189 282223
15189 349528
15189 359533
15189 364587
15189 366606
15189 407875
15348 12262
15348 52
15348 40597
15348 101427
15348 260270
15348 278165
15348 190445
20006 176848
20006 143540
20006 234098
20006 281982
20006 281983
20006 344787
20006 2867
20006 13741
20006 4920
20006 9730
20006 31511
20006 36637
20006 41069
20006 41452
20006 59528
20006 75230
20006 97221
20006 105853
20006 121007
20006 158749
20006 158750
20006 180993
20006 194841
20006 288877
20006 344988
20006 402422
20006 33291
20006 36838
20006 74638
27619 176848
27619 206929
27619 234098
27619 288898
27619 303646
27619 473
27619 32112
27619 41954
27619 41955
27619 45304
27619 46871
27619 194369
27619 198658
27619 221919
27619 330013
27619 58109
27619 127545
27619 198657
27619 228456
27619 230133
27619 330005
27843 103525
27843 234098
27843 238084
27843 5529
27843 13774
27843 5638
27843 7132
27843 14952
27843 35548
27843 56015
27843 60830
27843 60832
27843 62663
27843 67483
27843 78713
27843 78775
27843 84987
27843 93722
27843 103237
27843 121447
27843 146802
27843 149549
27843 150206
27843 151392
27843 157383
27843 172317
27843 173469
27843 181178
27843 230514
27843 334212
27843 334220
27843 360150
27843 42657
27843 74490
27843 90823
27843 93720
27843 157908
27843 177602
27843 203890
27843 310854
27843 310855
27843 359966
35395 281983
35395 345911
35395 19713
35395 28177
35395 32506
35395 35044
35395 1776
35395 8711
35395 11656
35395 11657
35395 20632
35395 29249
35395 32699
35395 32842
35395 32967
35395 32968
35395 33468
35395 33989
35395 34228
35395 39048
35395 39256
35395 39283
35395 42239
35395 44805
35395 259830
35395 39046
35395 39255
35395 39359
35395 39695
35395 53769
35395 134235
35395 219635
35395 220429
35395 258341
35395 262881
103525 115543
103525 175369
103525 176848
103525 234098
103525 238084
103525 257872
103525 281983
103525 285463
103525 361781
103525 361782
103525 363372
103525 368818
103525 368826
115543 176848
115543 234098
115543 238084
115543 331404
115543 361781
115543 361782
115543 363372
115543 368826
115543 371982
115543 375995
115543 103237
115543 37662
115543 103236
115543 11200
115543 20941
115543 264860
115543 325396
159013 41819
159013 100923
159013 116475
159013 120916
159013 350804
159013 211302
159013 293583
159013 351055
159013 354082
175369 176848
175369 234098
176848 206926
176848 206929
176848 234098
176848 257872
176848 281983
176848 285463
176848 288898
176848 303646
176848 357143
176848 361781
176848 361782
176848 368818
176848 198521
176848 318796
176848 318824
176911 239471
176911 101427
193500 264968
193500 281982
193500 281983
193500 363643
193500 366132
193500 6480
193500 101427
193500 36456
193500 83279
193500 115077
193500 11808
193500 39509
193500 48688
193500 57072
193500 60052
193500 60333
193500 144892
193500 353974
193500 355462
193500 370358
193500 374929
193500 239506
193500 274473
193500 353972
193500 355337
193500 365692
193500 385417
193500 397770
143540 281982
143540 375445
143540 84357
143540 86182
143540 141100
143540 141295
143540 29125
143540 38301
143540 77197
143540 101278
143540 112940
143540 146283
143540 329989
143540 357530
143540 363803
143540 398960
143540 150251
143540 159684
143540 170328
143540 176199
143540 183672
143540 206927
143540 248646
143540 267822
143540 291931
143540 303333
143540 308189
143540 310772
143540 312289
143540 312420
143540 330117
143540 356815
143540 356837
143540 356838
143540 357440
143540 358230
143540 358530
143540 358920
143540 360653
143540 361135
143540 361590
143540 364432
143540 368933
143540 369469
143540 370021
143540 370986
143540 370987
143540 371187
143540 371908
143540 372125
143540 372126
143540 372127
143540 373535
143540 374347
264968 281982
264968 363643
264968 366132
264968 101427
264968 60333
264968 144892
264968 239506
264968 274473
206926 206929
206926 288898
206926 303646
206926 362145
206926 228456
206926 330005
206926 198521
206926 318796
206926 318824
206926 146283
206929 234098
206929 281982
206929 281983
206929 288898
206929 303646
206929 357143
206929 362145
206929 366132
206929 368818
206929 372769
206929 330013
206929 228456
206929 330005
206929 198521
206929 318796
206929 146283
206929 206927
234098 238084
234098 257872
234098 281982
234098 281983
234098 285463
234098 288898
234098 303646
234098 308916
234098 331404
234098 344787
234098 353643
234098 357143
234098 361781
234098 361782
234098 362145
234098 363372
234098 366132
234098 368818
234098 368826
234098 371982
234098 372742
234098 375995
234672 281982
238084 257872
238084 331404
238084 361781
238084 361782
238084 363372
238084 368826
238084 371982
238084 375995
238084 146283
239471 281982
239471 355715
239471 101427
249603 281982
249603 334255
249603 366132
249603 370453
249772 281982
249772 355671
257872 285463
257872 361781
257872 361782
281982 281983
281982 302578
281982 303646
281982 334255
281982 355670
281982 355671
281982 357143
281982 363643
281982 366132
281982 370453
281982 372742
281982 372769
281982 240176
281982 258438
281982 282924
281982 10500
281982 101427
281982 60333
281982 144892
281982 274473
281983 303646
281983 308916
281983 344787
281983 345911
281983 353643
281983 355715
281983 357143
281983 366132
281983 372742
285463 361781
285463 361782
285463 363372
288898 303646
288898 330013
288898 228456
288898 330005
288898 198521
288898 146283
289353 101427
302578 334255
302578 355671
303646 357143
303646 362145
303646 366132
303646 368818
303646 372742
303646 372769
303646 330013
303646 228456
303646 330005
303646 198521
308916 353643
308916 357143
308916 198521
331404 361781
331404 361782
331404 363372
331404 371982
331404 375995
334255 366132
334255 370453
353643 357143
357143 366132
357143 372742
361781 361782
361781 363372
361781 368826
361781 371982
361781 375995
361782 363372
361782 368826
361782 371982
361782 375995
363372 368826
363372 371982
363372 375995
366132 370453
366132 372742
366132 372769
366132 101427
371982 375995
9511 2441
9511 9402
9511 9436
9511 192336
2441 2442
2441 9436
2441 9726
2441 192336
2441 191625
2441 162339
2441 48688
2442 9726
2442 198611
2442 162339
2442 100923
2442 48688
9402 9436
9402 227368
9436 128208
9436 131051
9436 198717
9436 226897
9436 45069
9436 130755
9436 131160
9436 131206
9436 213268
9436 227296
9436 227368
9436 354105
9436 191625
13959 128208
13959 131051
13959 11741
13959 45069
13959 115951
48800 11808
128208 131051
128208 11741
128208 45069
128208 211302
131051 45069
131051 354105
198717 58001
198717 176264
11741 45069
58001 176264
130755 131206
130755 213268
131160 131206
131206 213268
131206 227296
47056 390930
54635 60709
54635 69850
54635 127727
54635 128272
54635 128273
54635 128543
60709 69850
60709 127727
60709 128272
60709 128273
60709 128543
69850 127727
69850 128272
69850 128273
69850 128543
69850 48688
71005 98882
71005 147010
71005 7009
94322 97667
94322 164294
94322 182930
97144 113302
97667 164294
97667 182930
98882 147010
127727 128272
127727 128273
127727 128543
128272 128273
128272 128543
128273 128543
131277 326334
131277 114795
164294 182930
191625 37662
240176 282924
103634 298895
68479 155717
375445 329989
375445 176199
375445 303333
4463 346060
6480 83279
6480 385417
7009 368226
7009 84832
13505 189915
13505 54649
17377 53415
17377 97058
17377 176143
17377 19835
21162 342184
21162 282223
21162 407875
32225 32228
32228 46871
53415 97058
53415 176143
53415 19835
53636 473
53636 146283
59656 100902
59656 114795
59938 76556
79127 162339
97058 176143
97058 19835
132698 75230
135590 115951
135590 259226
176143 19835
189915 54649
200170 359533
211661 98584
211661 364587
211661 366606
342184 282223
342184 407875
350974 358385
358385 349528
368226 84832
115951 259226
115951 198521
146070 250074
282223 407875
364587 366606
12262 40597
52 260270
52 278165
52 473
52 56015
260270 278165
13741 36838
4920 32842
9730 59528
9730 7132
31511 121007
31511 158749
31511 158750
36637 344988
36637 33291
41069 41452
75230 288877
75230 74638
121007 158749
121007 158750
158749 158750
288877 74638
344988 33291
473 32112
473 194369
473 221919
473 19713
473 20941
32112 194369
32112 221919
41954 41955
41954 46871
41954 20632
41955 46871
45304 230133
194369 221919
198658 58109
198658 127545
198658 198657
330013 228456
330013 330005
330013 198521
58109 127545
58109 198657
127545 198657
228456 330005
228456 198521
330005 146283
5529 5638
5529 230514
5638 173469
5638 230514
5638 334212
5638 334220
14952 310854
14952 310855
60830 60832
67483 78713
67483 360150
67483 359966
78713 359966
93722 93720
103237 37662
103237 103236
103237 20941
103237 325396
150206 151392
150206 157383
151392 157383
173469 334212
334212 334220
360150 359966
157908 177602
310854 310855
19713 33989
19713 44805
28177 32506
28177 8711
28177 20632
28177 32967
28177 32968
28177 39048
28177 42239
28177 39046
32506 1776
32506 32699
32506 39046
35044 11657
35044 32699
35044 33468
35044 33989
35044 39256
35044 39695
1776 11657
1776 33989
1776 39256
1776 134235
8711 20632
8711 32967
8711 32968
8711 33989
8711 39048
8711 39046
11656 11657
11656 29249
11656 33989
11656 39256
11656 39359
11656 134235
11657 29249
11657 32699
11657 33468
11657 33989
11657 39256
11657 39283
11657 39359
11657 134235
20632 32842
20632 33989
20632 39048
20632 39256
20632 39255
29249 33468
29249 33989
29249 39256
29249 39283
29249 39359
32699 33468
32699 33989
32699 39256
32699 134235
32842 33468
32842 33989
32842 34228
32842 39256
32842 39283
32842 134235
32967 33989
32967 39256
32967 39046
32968 39048
32968 39046
33468 33989
33468 39256
33468 39359
33468 134235
33989 34228
33989 39256
33989 39283
33989 42239
33989 44805
33989 39255
33989 39359
33989 39695
33989 134235
33989 220429
33989 258341
33989 262881
34228 39256
34228 134235
39048 39046
39256 39283
39256 42239
39256 39255
39256 39359
39256 39695
39256 134235
39256 258341
39283 39255
39283 39359
44805 53769
259830 219635
39255 39359
53769 258341
37662 103236
103236 325396
11200 20941
11200 264860
20941 264860
41819 100923
41819 293583
100923 116475
100923 120916
100923 350804
100923 211302
100923 293583
100923 351055
100923 354082
100923 357530
116475 350804
116475 293583
120916 293583
120916 351055
120916 354082
120916 11808
120916 48688
350804 293583
211302 293583
293583 351055
293583 354082
351055 354082
198521 318796
198521 318824
36456 39509
83279 385417
39509 60052
39509 144892
57072 374929
60052 144892
374929 365692
84357 368933
29125 101278
38301 146283
77197 101278
101278 357530
101278 398960
101278 170328
101278 312289
101278 360653
112940 329989
112940 291931
112940 312289
146283 329989
146283 206927
146283 267822
146283 303333
146283 310772
146283 312420
329989 183672
329989 206927
329989 267822
329989 291931
329989 303333
329989 310772
329989 312420
357530 291931
150251 372125
150251 372126
206927 267822
206927 303333
206927 310772
206927 312420
267822 303333
267822 310772
267822 312420
303333 310772
303333 312420
310772 312420
356837 356838
372125 372126
